0 0.634766 0.964844 0.082031 0.066406
0 0.347656 0.855469 0.152344 0.042969
0 0.943359 0.888672 0.011719 0.222656
0 0.727539 0.780273 0.025391 0.029297
0 0.494141 0.847656 0.164062 0.304688
0 0.482422 0.659180 0.035156 0.033203
0 0.545898 0.678711 0.080078 0.091797
0 0.256836 0.621094 0.041016 0.066406
0 0.443359 0.601562 0.140625 0.109375
0 0.101562 0.498047 0.015625 0.078125
0 0.899414 0.264648 0.033203 0.064453
0 0.875977 0.216797 0.017578 0.023438
0 0.826172 0.151367 0.027344 0.029297
0 0.500000 0.500000 1.000000 1.000000
