0 0.901367 0.895508 0.009766 0.107422
0 0.571289 0.795898 0.021484 0.025391
0 0.902344 0.793945 0.007812 0.091797
0 0.723633 0.708008 0.056641 0.037109
0 0.674805 0.789062 0.451172 0.421875
0 0.205078 0.598633 0.023438 0.044922
0 0.380859 0.574219 0.027344 0.015625
0 0.881836 0.564453 0.041016 0.062500
0 0.129883 0.543945 0.060547 0.064453
0 0.119141 0.420898 0.015625 0.080078
0 0.900391 0.365234 0.039062 0.167969
0 0.858398 0.253906 0.033203 0.062500
0 0.256836 0.254883 0.267578 0.248047
0 0.506836 0.400391 0.802734 0.644531
0 0.500000 0.500000 1.000000 1.000000
