0 0.528169 0.985232 0.089202 0.029536
0 0.917840 0.924051 0.164319 0.151899
0 0.208920 0.852321 0.154930 0.168776
0 0.873239 0.837553 0.253521 0.324895
0 0.117371 0.831224 0.234742 0.337553
0 0.065728 0.459916 0.028169 0.126582
0 0.065728 0.354430 0.037559 0.126582
0 0.180751 0.151899 0.173709 0.227848
0 0.941315 0.084388 0.117371 0.168776
0 0.899061 0.128692 0.201878 0.257384
0 0.870892 0.189873 0.258216 0.379747
0 0.525822 0.500000 0.948357 1.000000
0 0.197183 0.500000 0.375587 1.000000
0 0.093897 0.164557 0.187793 0.329114
