0 0.527500 0.876682 0.045000 0.058296
0 0.762500 0.847534 0.415000 0.304933
0 0.275000 0.831839 0.550000 0.336323
0 0.657500 0.390135 0.265000 0.170404
0 0.640000 0.331839 0.050000 0.053812
0 0.932500 0.385650 0.075000 0.224215
0 0.262500 0.284753 0.125000 0.085202
0 0.395000 0.248879 0.050000 0.103139
0 0.527500 0.582960 0.885000 0.780269
0 0.562500 0.208520 0.065000 0.094170
0 0.422500 0.251121 0.055000 0.179372
0 0.345000 0.174888 0.080000 0.080717
0 0.577500 0.132287 0.045000 0.058296
0 0.527500 0.495516 0.735000 0.829596
0 0.515000 0.082960 0.090000 0.139013
0 0.995000 0.500000 0.010000 1.000000
0 0.767500 0.163677 0.415000 0.327354
0 0.235000 0.336323 0.470000 0.672646
