0 0.383621 0.942529 0.034483 0.061303
0 0.088362 0.923372 0.176724 0.153257
0 0.174569 0.894636 0.288793 0.210728
0 0.012931 0.802682 0.025862 0.065134
0 0.715517 0.781609 0.034483 0.068966
0 0.941810 0.810345 0.116379 0.379310
0 0.788793 0.678161 0.094828 0.145594
0 0.413793 0.634100 0.068966 0.065134
0 0.920259 0.745211 0.159483 0.509579
0 0.396552 0.501916 0.112069 0.084291
0 0.842672 0.727969 0.314655 0.544061
0 0.836207 0.319923 0.043103 0.080460
0 0.782328 0.302682 0.047414 0.061303
0 0.954741 0.268199 0.064655 0.091954
0 0.846983 0.141762 0.081897 0.068966
0 0.521552 0.122605 0.043103 0.045977
0 0.801724 0.080460 0.060345 0.038314
0 0.750000 0.279693 0.500000 0.436782
0 0.500000 0.503831 1.000000 0.992337
0 0.911638 0.076628 0.176724 0.153257
0 0.806034 0.017241 0.060345 0.034483
0 0.191810 0.277778 0.383621 0.555556
