0 0.646444 0.979911 0.071130 0.040179
0 0.506276 0.926339 0.083682 0.147321
0 0.221757 0.879464 0.393305 0.241071
0 0.380753 0.747768 0.041841 0.058036
0 0.481172 0.854911 0.133891 0.290179
0 0.753138 0.823661 0.259414 0.352679
0 0.905858 0.810268 0.138075 0.334821
0 0.378661 0.587054 0.112971 0.102679
0 0.880753 0.595982 0.079498 0.138393
0 0.410042 0.553571 0.066946 0.062500
0 0.171548 0.511161 0.058577 0.040179
0 0.914226 0.417411 0.029289 0.120536
0 0.112971 0.397321 0.041841 0.116071
0 0.213389 0.263393 0.033473 0.062500
0 0.158996 0.238839 0.083682 0.147321
0 0.529289 0.524554 0.765690 0.950893
0 0.491632 0.504464 0.933054 0.991071
0 0.995816 0.500000 0.008368 1.000000
0 0.845188 0.171875 0.259414 0.343750
0 0.161088 0.488839 0.322176 0.977679
