0 0.555911 0.812977 0.063898 0.022901
0 0.492013 0.796438 0.044728 0.030534
0 0.212460 0.788804 0.060703 0.025445
0 0.480831 0.865140 0.725240 0.269720
0 0.838658 0.695929 0.035144 0.058524
0 0.126198 0.698473 0.067093 0.119593
0 0.825879 0.643766 0.086262 0.035623
0 0.099042 0.577608 0.019169 0.071247
0 0.222045 0.223919 0.265176 0.229008
0 0.738019 0.226463 0.281150 0.249364
0 0.485623 0.447837 0.798722 0.722646
0 0.543131 0.119593 0.070288 0.066158
0 0.460064 0.087786 0.083067 0.017812
0 0.484026 0.517812 0.884984 0.959288
0 0.500000 0.500000 1.000000 1.000000
