0 0.453353 0.968665 0.055394 0.062670
0 0.266764 0.848774 0.020408 0.046322
0 0.365889 0.828338 0.096210 0.136240
0 0.876093 0.742507 0.061224 0.046322
0 0.900875 0.856948 0.198251 0.286104
0 0.870262 0.810627 0.259475 0.378747
0 0.154519 0.606267 0.052478 0.057221
0 0.048105 0.711172 0.096210 0.332425
0 0.472303 0.756131 0.944606 0.487738
0 0.096210 0.468665 0.052478 0.081744
0 0.908163 0.275204 0.026239 0.038147
0 0.147230 0.273842 0.043732 0.046322
0 0.954810 0.354223 0.084548 0.217984
0 0.294461 0.171662 0.198251 0.114441
0 0.800292 0.163488 0.195335 0.119891
0 0.473761 0.104905 0.137026 0.024523
0 0.543732 0.440054 0.912536 0.705722
0 0.505831 0.336512 0.988338 0.574932
0 0.500000 0.246594 1.000000 0.493188
