0 0.093023 0.865909 0.186047 0.268182
0 0.913953 0.863636 0.172093 0.272727
0 0.686047 0.688636 0.320930 0.286364
0 0.202326 0.590909 0.227907 0.127273
0 0.509302 0.713636 0.813953 0.463636
0 0.646512 0.470455 0.046512 0.059091
0 0.925581 0.361364 0.027907 0.095455
0 0.716279 0.470455 0.427907 0.377273
0 0.974419 0.347727 0.051163 0.140909
0 0.920930 0.247727 0.046512 0.077273
0 0.488372 0.150000 0.055814 0.072727
0 0.316279 0.111364 0.120930 0.104545
0 0.932558 0.106818 0.134884 0.186364
0 0.076744 0.163636 0.153488 0.300000
0 0.544186 0.052273 0.037209 0.086364
0 0.804651 0.286364 0.390698 0.572727
0 0.730233 0.040909 0.111628 0.081818
0 0.686047 0.125000 0.172093 0.250000
0 0.583721 0.056818 0.041860 0.113636
0 0.490698 0.056818 0.051163 0.113636
0 0.451163 0.054545 0.027907 0.109091
0 0.395349 0.125000 0.083721 0.250000
0 0.304651 0.034091 0.116279 0.068182
0 0.502326 0.500000 0.995349 1.000000
