0 0.519792 0.947917 0.077083 0.016667
0 0.272917 0.915625 0.129167 0.068750
0 0.176042 0.864583 0.060417 0.041667
0 0.640625 0.886458 0.177083 0.110417
0 0.748958 0.808333 0.031250 0.037500
0 0.153125 0.881250 0.306250 0.237500
0 0.075000 0.750000 0.050000 0.087500
0 0.034375 0.627083 0.031250 0.141667
0 0.829167 0.509375 0.045833 0.314583
0 0.052083 0.445833 0.062500 0.200000
0 0.771875 0.245833 0.068750 0.137500
0 0.189583 0.177083 0.175000 0.220833
0 0.491667 0.082292 0.029167 0.056250
0 0.434375 0.489583 0.797917 0.916667
0 0.780208 0.500000 0.439583 1.000000
0 0.459375 0.500000 0.918750 1.000000
0 0.163542 0.146875 0.327083 0.293750
