0 0.651515 0.988732 0.048485 0.022535
0 0.642424 0.964789 0.036364 0.030986
0 0.686364 0.971831 0.075758 0.056338
0 0.933333 0.954930 0.103030 0.090141
0 0.975758 0.890141 0.048485 0.028169
0 0.984848 0.856338 0.030303 0.033803
0 0.021212 0.660563 0.042424 0.064789
0 0.993939 0.576056 0.012121 0.076056
0 0.034848 0.371831 0.033333 0.073239
0 0.963636 0.328169 0.036364 0.081690
0 0.796970 0.176056 0.030303 0.030986
0 0.280303 0.146479 0.081818 0.061972
0 0.518182 0.074648 0.145455 0.014085
0 0.500000 0.507042 1.000000 0.985915
0 0.813636 0.200000 0.372727 0.400000
0 0.646970 0.002817 0.178788 0.005634
0 0.218182 0.266197 0.436364 0.532394
