0 0.279202 0.917085 0.074074 0.055276
0 0.170940 0.832915 0.039886 0.037688
0 0.203704 0.846734 0.099715 0.115578
0 0.883191 0.771357 0.028490 0.025126
0 0.102564 0.878141 0.205128 0.243719
0 0.905983 0.874372 0.188034 0.251256
0 0.138177 0.728643 0.065527 0.105528
0 0.009972 0.702261 0.019943 0.077889
0 0.876068 0.709799 0.088319 0.183417
0 0.176638 0.801508 0.353276 0.396985
0 0.272080 0.688442 0.270655 0.180905
0 0.975783 0.528894 0.048433 0.017588
0 0.730769 0.517588 0.042735 0.025126
0 0.528490 0.489950 0.037037 0.020101
0 0.495726 0.482412 0.165242 0.075377
0 0.850427 0.453518 0.128205 0.092965
0 0.243590 0.562814 0.384615 0.391960
0 0.797721 0.404523 0.096866 0.085427
0 0.905983 0.380653 0.034188 0.042714
0 0.886040 0.241206 0.034188 0.050251
0 0.797721 0.218593 0.039886 0.035176
0 0.011396 0.197236 0.022792 0.032663
0 0.786325 0.108040 0.079772 0.095477
0 0.209402 0.136935 0.145299 0.153266
0 0.317664 0.146985 0.162393 0.233668
0 0.790598 0.503769 0.418803 0.992462
0 0.192308 0.319095 0.384615 0.623116
0 0.901709 0.153266 0.196581 0.306533
0 0.501425 0.500000 0.894587 1.000000
0 0.125356 0.089196 0.250712 0.178392
