0 0.482405 0.981432 0.073314 0.037135
0 0.325513 0.954907 0.070381 0.026525
0 0.412023 0.908488 0.120235 0.023873
0 0.312317 0.891247 0.073314 0.031830
0 0.760997 0.870027 0.032258 0.026525
0 0.821114 0.812997 0.058651 0.055703
0 0.894428 0.887268 0.211144 0.225464
0 0.224340 0.811671 0.108504 0.106101
0 0.120235 0.738727 0.023460 0.039788
0 0.120235 0.850133 0.240469 0.299735
0 0.535191 0.688329 0.818182 0.559682
0 0.177419 0.393899 0.032258 0.029178
0 0.142229 0.389920 0.032258 0.074271
0 0.171554 0.336870 0.032258 0.037135
0 0.780059 0.653846 0.428152 0.692308
0 0.209677 0.635279 0.401760 0.729443
0 0.500000 0.466844 1.000000 0.933687
