0 0.694444 0.988180 0.039683 0.023641
0 0.725397 0.986998 0.015873 0.026005
0 0.488095 0.984634 0.014286 0.030733
0 0.493651 0.970449 0.015873 0.035461
0 0.784127 0.964539 0.031746 0.047281
0 0.621429 0.944444 0.020635 0.026005
0 0.691270 0.945626 0.046032 0.033097
0 0.825397 0.929078 0.012698 0.033097
0 0.225397 0.879433 0.038095 0.018913
0 0.128571 0.913712 0.136508 0.172577
0 0.534127 0.825059 0.014286 0.028369
0 0.852381 0.832151 0.034921 0.047281
0 0.398413 0.839243 0.053968 0.108747
0 0.348413 0.819149 0.052381 0.078014
0 0.528571 0.784870 0.015873 0.028369
0 0.188095 0.716312 0.026984 0.023641
0 0.518254 0.717494 0.090476 0.286052
0 0.529365 0.579196 0.026984 0.052009
0 0.161905 0.598109 0.041270 0.132388
0 0.911111 0.458629 0.019048 0.037825
0 0.907143 0.407801 0.017460 0.049645
0 0.889683 0.306147 0.014286 0.035461
0 0.229365 0.299054 0.014286 0.035461
0 0.176190 0.398345 0.063492 0.375887
0 0.239683 0.258865 0.117460 0.271868
0 0.372222 0.076832 0.055556 0.030733
0 0.465079 0.046099 0.114286 0.035461
0 0.646825 0.034279 0.087302 0.026005
0 0.546825 0.029551 0.042857 0.021277
0 0.891270 0.500000 0.217460 1.000000
0 0.846825 0.500000 0.252381 1.000000
0 0.590476 0.500000 0.730159 1.000000
0 0.452381 0.500000 0.904762 1.000000
