0 0.106481 0.987676 0.052469 0.024648
0 0.358025 0.985915 0.104938 0.028169
0 0.158951 0.985915 0.040123 0.028169
0 0.651235 0.971831 0.123457 0.056338
0 0.013889 0.971831 0.027778 0.056338
0 0.055556 0.968310 0.030864 0.063380
0 0.950617 0.934859 0.043210 0.052817
0 0.975309 0.950704 0.049383 0.098592
0 0.015432 0.908451 0.030864 0.063380
0 0.978395 0.841549 0.043210 0.119718
0 0.158951 0.642606 0.317901 0.714789
0 0.871914 0.125000 0.256173 0.250000
0 0.841049 0.500000 0.317901 1.000000
0 0.510802 0.500000 0.947531 1.000000
0 0.226852 0.140845 0.336420 0.281690
0 0.162037 0.193662 0.324074 0.387324
0 0.118827 0.140845 0.237654 0.281690
