0 0.527650 0.965517 0.041475 0.060345
0 0.633641 0.954741 0.059908 0.064655
0 0.656682 0.905172 0.078341 0.043103
0 0.262673 0.941810 0.147465 0.116379
0 0.129032 0.941810 0.101382 0.116379
0 0.546083 0.915948 0.105991 0.168103
0 0.186636 0.780172 0.087558 0.094828
0 0.705069 0.745690 0.064516 0.034483
0 0.138249 0.827586 0.147465 0.344828
0 0.682028 0.821121 0.396313 0.357759
0 0.914747 0.778017 0.170507 0.443966
0 0.338710 0.584052 0.050691 0.064655
0 0.882488 0.599138 0.078341 0.103448
0 0.179724 0.564655 0.036866 0.060345
0 0.375576 0.564655 0.207373 0.137931
0 0.930876 0.364224 0.027650 0.125000
0 0.785714 0.144397 0.133641 0.090517
0 0.543779 0.431034 0.755760 0.689655
0 0.532258 0.523707 0.898618 0.952586
0 0.500000 0.500000 1.000000 1.000000
