0 0.489083 0.932735 0.087336 0.134529
0 0.017467 0.813901 0.034934 0.067265
0 0.198690 0.885650 0.397380 0.228700
0 0.355895 0.760090 0.048035 0.058296
0 0.746725 0.829596 0.270742 0.340807
0 0.901747 0.827354 0.161572 0.345291
0 0.353712 0.598655 0.113537 0.103139
0 0.266376 0.771300 0.532751 0.457399
0 0.879913 0.607623 0.082969 0.139013
0 0.388646 0.565022 0.069869 0.062780
0 0.078603 0.421525 0.043668 0.089686
0 0.914847 0.428251 0.030568 0.121076
0 0.384279 0.372197 0.069869 0.071749
0 0.183406 0.271300 0.034934 0.067265
0 0.128821 0.248879 0.091703 0.147982
0 0.513100 0.529148 0.799127 0.941704
0 0.128821 0.188341 0.257642 0.340807
0 0.480349 0.506726 0.960699 0.986547
0 0.834061 0.500000 0.331878 1.000000
0 0.174672 0.006726 0.349345 0.013453
