0 0.010909 0.993454 0.012121 0.013092
0 0.512727 0.984391 0.026667 0.031219
0 0.481212 0.984391 0.026667 0.031219
0 0.026061 0.974824 0.013333 0.016113
0 0.007273 0.974824 0.009697 0.016113
0 0.951515 0.968278 0.036364 0.017120
0 0.993939 0.967271 0.012121 0.017120
0 0.978182 0.967271 0.016970 0.017120
0 0.203636 0.780463 0.407273 0.439074
0 0.014545 0.064955 0.014545 0.017120
0 0.030909 0.045317 0.025455 0.016113
0 0.009091 0.045317 0.018182 0.016113
0 0.500000 0.500000 1.000000 1.000000
0 0.126061 0.006546 0.014545 0.013092
0 0.104242 0.006546 0.029091 0.013092
0 0.078788 0.006546 0.016970 0.013092
0 0.060606 0.006546 0.014545 0.013092
0 0.043030 0.006546 0.018182 0.013092
0 0.024242 0.006546 0.016970 0.013092
