0 0.878906 0.741211 0.035156 0.021484
0 0.911133 0.729492 0.037109 0.048828
0 0.861328 0.695312 0.039062 0.031250
0 0.378906 0.613281 0.082031 0.113281
0 0.125977 0.425781 0.056641 0.191406
0 0.238281 0.195312 0.042969 0.042969
0 0.500000 0.560547 1.000000 0.878906
0 0.325195 0.132812 0.083984 0.046875
0 0.550781 0.295898 0.859375 0.396484
0 0.660156 0.105469 0.191406 0.023438
0 0.520508 0.092773 0.083984 0.009766
0 0.419922 0.098633 0.097656 0.021484
0 0.515625 0.309570 0.968750 0.517578
0 0.500000 0.384766 1.000000 0.769531
