0 0.815430 0.633789 0.033203 0.029297
0 0.888672 0.605469 0.078125 0.089844
0 0.913086 0.457031 0.009766 0.050781
0 0.867188 0.272461 0.066406 0.103516
0 0.832031 0.213867 0.023438 0.021484
0 0.843750 0.205078 0.023438 0.019531
0 0.167969 0.344727 0.179688 0.353516
0 0.811523 0.186523 0.025391 0.041016
0 0.324219 0.138672 0.128906 0.054688
0 0.666992 0.084961 0.060547 0.021484
0 0.587891 0.067383 0.042969 0.009766
0 0.375000 0.115234 0.269531 0.105469
0 0.594727 0.120117 0.404297 0.119141
0 0.500000 0.500000 1.000000 1.000000
