0 0.728516 0.966797 0.050781 0.050781
0 0.984375 0.931641 0.023438 0.121094
0 0.531250 0.884766 0.031250 0.144531
0 0.591797 0.896484 0.097656 0.207031
0 0.279297 0.896484 0.410156 0.207031
0 0.888672 0.882812 0.097656 0.226562
0 0.417969 0.802734 0.093750 0.074219
0 0.824219 0.787109 0.062500 0.050781
0 0.548828 0.779297 0.105469 0.058594
0 0.812500 0.863281 0.210938 0.273438
0 0.962891 0.843750 0.066406 0.312500
0 0.427734 0.654297 0.066406 0.050781
0 0.195312 0.593750 0.078125 0.046875
0 0.091797 0.390625 0.042969 0.070312
0 0.994141 0.513672 0.011719 0.371094
0 0.867188 0.486328 0.226562 0.660156
0 0.517578 0.210938 0.933594 0.390625
0 0.871094 0.107422 0.257812 0.214844
0 0.468750 0.500000 0.937500 1.000000
