0 0.779297 0.972656 0.082031 0.054688
0 0.986328 0.945312 0.019531 0.109375
0 0.052734 0.916016 0.105469 0.167969
0 0.962891 0.910156 0.042969 0.179688
0 0.587891 0.777344 0.042969 0.046875
0 0.945312 0.779297 0.046875 0.066406
0 0.820312 0.873047 0.234375 0.253906
0 0.240234 0.865234 0.480469 0.269531
0 0.279297 0.730469 0.113281 0.031250
0 0.957031 0.763672 0.070312 0.113281
0 0.113281 0.664062 0.117188 0.078125
0 0.470703 0.777344 0.332031 0.445312
0 0.269531 0.585938 0.085938 0.078125
0 0.109375 0.455078 0.039062 0.058594
0 0.996094 0.500000 0.007812 0.359375
0 0.542969 0.529297 0.875000 0.941406
0 0.517578 0.218750 0.933594 0.414062
0 0.863281 0.093750 0.273438 0.187500
0 0.253906 0.390625 0.507812 0.781250
