0 0.753906 0.957031 0.117188 0.085938
0 0.988281 0.937500 0.023438 0.109375
0 0.392578 0.773438 0.066406 0.054688
0 0.970703 0.869141 0.058594 0.261719
0 0.826172 0.855469 0.253906 0.289062
0 0.222656 0.740234 0.273438 0.089844
0 0.958984 0.734375 0.058594 0.140625
0 0.414062 0.648438 0.078125 0.054688
0 0.259766 0.646484 0.214844 0.160156
0 0.093750 0.556641 0.031250 0.082031
0 0.107422 0.449219 0.042969 0.070312
0 0.994141 0.503906 0.011719 0.359375
0 0.488281 0.531250 0.976562 0.937500
0 0.517578 0.216797 0.933594 0.402344
0 0.859375 0.113281 0.281250 0.226562
0 0.255859 0.394531 0.511719 0.789062
