0 0.707031 0.972656 0.046875 0.054688
0 0.980469 0.943359 0.023438 0.097656
0 0.816406 0.853516 0.039062 0.042969
0 0.960938 0.908203 0.062500 0.167969
0 0.773438 0.775391 0.070312 0.035156
0 0.390625 0.781250 0.070312 0.046875
0 0.220703 0.746094 0.261719 0.085938
0 0.847656 0.826172 0.304688 0.347656
0 0.142578 0.669922 0.121094 0.050781
0 0.994141 0.486328 0.011719 0.347656
0 0.771484 0.197266 0.371094 0.261719
0 0.347656 0.207031 0.468750 0.289062
0 0.865234 0.111328 0.269531 0.222656
0 0.492188 0.500000 0.984375 1.000000
