0 0.794922 0.717773 0.066406 0.208984
0 0.821289 0.593750 0.021484 0.027344
0 0.819336 0.570312 0.021484 0.023438
0 0.781250 0.577148 0.011719 0.044922
0 0.742188 0.563477 0.046875 0.064453
0 0.238281 0.566406 0.066406 0.074219
0 0.185547 0.485352 0.015625 0.025391
0 0.705078 0.379883 0.015625 0.033203
0 0.156250 0.378906 0.019531 0.074219
0 0.803711 0.354492 0.056641 0.271484
0 0.179688 0.418945 0.125000 0.400391
0 0.794922 0.166016 0.046875 0.085938
0 0.487305 0.290039 0.677734 0.560547
0 0.773438 0.116211 0.199219 0.224609
0 0.334961 0.080078 0.259766 0.156250
0 0.621094 0.061523 0.257812 0.123047
0 0.232422 0.177734 0.289062 0.355469
0 0.500000 0.500000 1.000000 1.000000
