0 0.781250 0.723633 0.027344 0.080078
0 0.797852 0.623047 0.060547 0.019531
0 0.193359 0.623047 0.074219 0.027344
0 0.333008 0.613281 0.021484 0.035156
0 0.166992 0.606445 0.041016 0.021484
0 0.794922 0.596680 0.070312 0.033203
0 0.665039 0.585938 0.056641 0.023438
0 0.626953 0.580078 0.023438 0.031250
0 0.739258 0.570312 0.060547 0.074219
0 0.239258 0.564453 0.083984 0.085938
0 0.185547 0.494141 0.015625 0.027344
0 0.161133 0.440430 0.017578 0.041016
0 0.804688 0.435547 0.042969 0.105469
0 0.150391 0.372070 0.023438 0.072266
0 0.823242 0.296875 0.021484 0.167969
0 0.813477 0.395508 0.091797 0.396484
0 0.811523 0.229492 0.021484 0.072266
0 0.784180 0.147461 0.068359 0.095703
0 0.500000 0.500000 1.000000 1.000000
